   0.0000000e+00   5.4901961e-01   8.0392157e-01
   0.0000000e+00   5.4864865e-01   8.0337200e-01
   0.0000000e+00   5.4827769e-01   8.0282243e-01
   0.0000000e+00   5.4790673e-01   8.0227286e-01
   0.0000000e+00   5.4753577e-01   8.0172329e-01
   0.0000000e+00   5.4716481e-01   8.0117372e-01
   0.0000000e+00   5.4679385e-01   8.0062415e-01
   0.0000000e+00   5.4642289e-01   8.0007458e-01
   0.0000000e+00   5.4605193e-01   7.9952502e-01
   0.0000000e+00   5.4568098e-01   7.9897545e-01
   0.0000000e+00   5.4531002e-01   7.9842588e-01
   0.0000000e+00   5.4493906e-01   7.9787631e-01
   0.0000000e+00   5.4456810e-01   7.9732674e-01
   0.0000000e+00   5.4419714e-01   7.9677717e-01
   0.0000000e+00   5.4382618e-01   7.9622760e-01
   0.0000000e+00   5.4345522e-01   7.9567803e-01
   0.0000000e+00   5.4308426e-01   7.9512846e-01
   0.0000000e+00   5.4271330e-01   7.9457889e-01
   0.0000000e+00   5.4234234e-01   7.9402932e-01
   0.0000000e+00   5.4197138e-01   7.9347975e-01
   0.0000000e+00   5.4160042e-01   7.9293019e-01
   0.0000000e+00   5.4122946e-01   7.9238062e-01
   0.0000000e+00   5.4085851e-01   7.9183105e-01
   0.0000000e+00   5.4048755e-01   7.9128148e-01
   0.0000000e+00   5.4011659e-01   7.9073191e-01
   0.0000000e+00   5.3974563e-01   7.9018234e-01
   0.0000000e+00   5.3937467e-01   7.8963277e-01
   0.0000000e+00   5.3900371e-01   7.8908320e-01
   0.0000000e+00   5.3863275e-01   7.8853363e-01
   0.0000000e+00   5.3826179e-01   7.8798406e-01
   0.0000000e+00   5.3789083e-01   7.8743449e-01
   0.0000000e+00   5.3751987e-01   7.8688492e-01
   0.0000000e+00   5.3714891e-01   7.8633535e-01
   0.0000000e+00   5.3677795e-01   7.8578579e-01
   0.0000000e+00   5.3640700e-01   7.8523622e-01
   0.0000000e+00   5.3603604e-01   7.8468665e-01
   0.0000000e+00   5.3566508e-01   7.8413708e-01
   0.0000000e+00   5.3529412e-01   7.8358751e-01
   0.0000000e+00   5.3492316e-01   7.8303794e-01
   0.0000000e+00   5.3455220e-01   7.8248837e-01
   0.0000000e+00   5.3418124e-01   7.8193880e-01
   0.0000000e+00   5.3381028e-01   7.8138923e-01
   0.0000000e+00   5.3343932e-01   7.8083966e-01
   0.0000000e+00   5.3306836e-01   7.8029009e-01
   0.0000000e+00   5.3269740e-01   7.7974052e-01
   0.0000000e+00   5.3232644e-01   7.7919096e-01
   0.0000000e+00   5.3195548e-01   7.7864139e-01
   0.0000000e+00   5.3158453e-01   7.7809182e-01
   0.0000000e+00   5.3121357e-01   7.7754225e-01
   0.0000000e+00   5.3084261e-01   7.7699268e-01
   0.0000000e+00   5.3047165e-01   7.7644311e-01
   0.0000000e+00   5.3010069e-01   7.7589354e-01
   0.0000000e+00   5.2972973e-01   7.7534397e-01
   0.0000000e+00   5.2935877e-01   7.7479440e-01
   0.0000000e+00   5.2898781e-01   7.7424483e-01
   0.0000000e+00   5.2861685e-01   7.7369526e-01
   0.0000000e+00   5.2824589e-01   7.7314569e-01
   0.0000000e+00   5.2787493e-01   7.7259613e-01
   0.0000000e+00   5.2750397e-01   7.7204656e-01
   0.0000000e+00   5.2713302e-01   7.7149699e-01
   0.0000000e+00   5.2676206e-01   7.7094742e-01
   0.0000000e+00   5.2639110e-01   7.7039785e-01
   0.0000000e+00   5.2602014e-01   7.6984828e-01
   0.0000000e+00   5.2564918e-01   7.6929871e-01
   0.0000000e+00   5.2527822e-01   7.6874914e-01
   0.0000000e+00   5.2490726e-01   7.6819957e-01
   0.0000000e+00   5.2453630e-01   7.6765000e-01
   0.0000000e+00   5.2416534e-01   7.6710043e-01
   0.0000000e+00   5.2379438e-01   7.6655086e-01
   0.0000000e+00   5.2342342e-01   7.6600130e-01
   0.0000000e+00   5.2305246e-01   7.6545173e-01
   0.0000000e+00   5.2268151e-01   7.6490216e-01
   0.0000000e+00   5.2231055e-01   7.6435259e-01
   0.0000000e+00   5.2193959e-01   7.6380302e-01
   0.0000000e+00   5.2156863e-01   7.6325345e-01
   0.0000000e+00   5.2119767e-01   7.6270388e-01
   0.0000000e+00   5.2082671e-01   7.6215431e-01
   0.0000000e+00   5.2045575e-01   7.6160474e-01
   0.0000000e+00   5.2008479e-01   7.6105517e-01
   0.0000000e+00   5.1971383e-01   7.6050560e-01
   0.0000000e+00   5.1934287e-01   7.5995603e-01
   0.0000000e+00   5.1897191e-01   7.5940647e-01
   0.0000000e+00   5.1860095e-01   7.5885690e-01
   0.0000000e+00   5.1822999e-01   7.5830733e-01
   0.0000000e+00   5.1785904e-01   7.5775776e-01
   0.0000000e+00   5.1748808e-01   7.5720819e-01
   0.0000000e+00   5.1711712e-01   7.5665862e-01
   0.0000000e+00   5.1674616e-01   7.5610905e-01
   0.0000000e+00   5.1637520e-01   7.5555948e-01
   0.0000000e+00   5.1600424e-01   7.5500991e-01
   0.0000000e+00   5.1563328e-01   7.5446034e-01
   0.0000000e+00   5.1526232e-01   7.5391077e-01
   0.0000000e+00   5.1489136e-01   7.5336120e-01
   0.0000000e+00   5.1452040e-01   7.5281164e-01
   0.0000000e+00   5.1414944e-01   7.5226207e-01
   0.0000000e+00   5.1377848e-01   7.5171250e-01
   0.0000000e+00   5.1340753e-01   7.5116293e-01
   0.0000000e+00   5.1303657e-01   7.5061336e-01
   0.0000000e+00   5.1266561e-01   7.5006379e-01
   0.0000000e+00   5.1229465e-01   7.4951422e-01
   0.0000000e+00   5.1192369e-01   7.4896465e-01
   0.0000000e+00   5.1155273e-01   7.4841508e-01
   0.0000000e+00   5.1118177e-01   7.4786551e-01
   0.0000000e+00   5.1081081e-01   7.4731594e-01
   0.0000000e+00   5.1043985e-01   7.4676637e-01
   0.0000000e+00   5.1006889e-01   7.4621681e-01
   0.0000000e+00   5.0969793e-01   7.4566724e-01
   0.0000000e+00   5.0932697e-01   7.4511767e-01
   0.0000000e+00   5.0895601e-01   7.4456810e-01
   0.0000000e+00   5.0858506e-01   7.4401853e-01
   0.0000000e+00   5.0821410e-01   7.4346896e-01
   0.0000000e+00   5.0784314e-01   7.4291939e-01
   0.0000000e+00   5.0747218e-01   7.4236982e-01
   0.0000000e+00   5.0710122e-01   7.4182025e-01
   0.0000000e+00   5.0673026e-01   7.4127068e-01
   0.0000000e+00   5.0635930e-01   7.4072111e-01
   0.0000000e+00   5.0598834e-01   7.4017154e-01
   0.0000000e+00   5.0561738e-01   7.3962197e-01
   0.0000000e+00   5.0524642e-01   7.3907241e-01
   0.0000000e+00   5.0487546e-01   7.3852284e-01
   0.0000000e+00   5.0450450e-01   7.3797327e-01
   0.0000000e+00   5.0413355e-01   7.3742370e-01
   0.0000000e+00   5.0376259e-01   7.3687413e-01
   0.0000000e+00   5.0339163e-01   7.3632456e-01
   0.0000000e+00   5.0302067e-01   7.3577499e-01
   0.0000000e+00   5.0264971e-01   7.3522542e-01
   0.0000000e+00   5.0227875e-01   7.3467585e-01
   0.0000000e+00   5.0190779e-01   7.3412628e-01
   0.0000000e+00   5.0153683e-01   7.3357671e-01
   0.0000000e+00   5.0116587e-01   7.3302714e-01
   0.0000000e+00   5.0079491e-01   7.3247758e-01
   0.0000000e+00   5.0042395e-01   7.3192801e-01
   0.0000000e+00   5.0005299e-01   7.3137844e-01
   0.0000000e+00   4.9968203e-01   7.3082887e-01
   0.0000000e+00   4.9931108e-01   7.3027930e-01
   0.0000000e+00   4.9894012e-01   7.2972973e-01
   0.0000000e+00   4.9856916e-01   7.2918016e-01
   0.0000000e+00   4.9819820e-01   7.2863059e-01
   0.0000000e+00   4.9782724e-01   7.2808102e-01
   0.0000000e+00   4.9745628e-01   7.2753145e-01
   0.0000000e+00   4.9708532e-01   7.2698188e-01
   0.0000000e+00   4.9671436e-01   7.2643231e-01
   0.0000000e+00   4.9634340e-01   7.2588275e-01
   0.0000000e+00   4.9597244e-01   7.2533318e-01
   0.0000000e+00   4.9560148e-01   7.2478361e-01
   0.0000000e+00   4.9523052e-01   7.2423404e-01
   0.0000000e+00   4.9485957e-01   7.2368447e-01
   0.0000000e+00   4.9448861e-01   7.2313490e-01
   0.0000000e+00   4.9411765e-01   7.2258533e-01
   0.0000000e+00   4.9374669e-01   7.2203576e-01
   0.0000000e+00   4.9337573e-01   7.2148619e-01
   0.0000000e+00   4.9300477e-01   7.2093662e-01
   0.0000000e+00   4.9263381e-01   7.2038705e-01
   0.0000000e+00   4.9226285e-01   7.1983748e-01
   0.0000000e+00   4.9189189e-01   7.1928792e-01
   0.0000000e+00   4.9152093e-01   7.1873835e-01
   0.0000000e+00   4.9114997e-01   7.1818878e-01
   0.0000000e+00   4.9077901e-01   7.1763921e-01
   0.0000000e+00   4.9040806e-01   7.1708964e-01
   0.0000000e+00   4.9003710e-01   7.1654007e-01
   0.0000000e+00   4.8966614e-01   7.1599050e-01
   0.0000000e+00   4.8929518e-01   7.1544093e-01
   0.0000000e+00   4.8892422e-01   7.1489136e-01
   0.0000000e+00   4.8855326e-01   7.1434179e-01
   0.0000000e+00   4.8818230e-01   7.1379222e-01
   0.0000000e+00   4.8781134e-01   7.1324265e-01
   0.0000000e+00   4.8744038e-01   7.1269309e-01
   0.0000000e+00   4.8706942e-01   7.1214352e-01
   0.0000000e+00   4.8669846e-01   7.1159395e-01
   0.0000000e+00   4.8632750e-01   7.1104438e-01
   0.0000000e+00   4.8595654e-01   7.1049481e-01
   0.0000000e+00   4.8558559e-01   7.0994524e-01
   0.0000000e+00   4.8521463e-01   7.0939567e-01
   0.0000000e+00   4.8484367e-01   7.0884610e-01
   0.0000000e+00   4.8447271e-01   7.0829653e-01
   0.0000000e+00   4.8410175e-01   7.0774696e-01
   0.0000000e+00   4.8373079e-01   7.0719739e-01
   0.0000000e+00   4.8335983e-01   7.0664782e-01
   0.0000000e+00   4.8298887e-01   7.0609826e-01
   0.0000000e+00   4.8261791e-01   7.0554869e-01
   0.0000000e+00   4.8224695e-01   7.0499912e-01
   0.0000000e+00   4.8187599e-01   7.0444955e-01
   0.0000000e+00   4.8150503e-01   7.0389998e-01
   0.0000000e+00   4.8113408e-01   7.0335041e-01
   0.0000000e+00   4.8076312e-01   7.0280084e-01
   0.0000000e+00   4.8039216e-01   7.0225127e-01
   0.0000000e+00   4.8002120e-01   7.0170170e-01
   0.0000000e+00   4.7965024e-01   7.0115213e-01
   0.0000000e+00   4.7927928e-01   7.0060256e-01
   0.0000000e+00   4.7890832e-01   7.0005299e-01
   0.0000000e+00   4.7853736e-01   6.9950342e-01
   0.0000000e+00   4.7816640e-01   6.9895386e-01
   0.0000000e+00   4.7779544e-01   6.9840429e-01
   0.0000000e+00   4.7742448e-01   6.9785472e-01
   0.0000000e+00   4.7705352e-01   6.9730515e-01
   0.0000000e+00   4.7668256e-01   6.9675558e-01
   0.0000000e+00   4.7631161e-01   6.9620601e-01
   0.0000000e+00   4.7594065e-01   6.9565644e-01
   0.0000000e+00   4.7556969e-01   6.9510687e-01
   0.0000000e+00   4.7519873e-01   6.9455730e-01
   0.0000000e+00   4.7482777e-01   6.9400773e-01
   0.0000000e+00   4.7445681e-01   6.9345816e-01
   0.0000000e+00   4.7408585e-01   6.9290859e-01
   0.0000000e+00   4.7371489e-01   6.9235903e-01
   0.0000000e+00   4.7334393e-01   6.9180946e-01
   0.0000000e+00   4.7297297e-01   6.9125989e-01
   0.0000000e+00   4.7260201e-01   6.9071032e-01
   0.0000000e+00   4.7223105e-01   6.9016075e-01
   0.0000000e+00   4.7186010e-01   6.8961118e-01
   0.0000000e+00   4.7148914e-01   6.8906161e-01
   0.0000000e+00   4.7111818e-01   6.8851204e-01
   0.0000000e+00   4.7074722e-01   6.8796247e-01
   0.0000000e+00   4.7037626e-01   6.8741290e-01
   0.0000000e+00   4.7000530e-01   6.8686333e-01
   0.0000000e+00   4.6963434e-01   6.8631376e-01
   0.0000000e+00   4.6926338e-01   6.8576420e-01
   0.0000000e+00   4.6889242e-01   6.8521463e-01
   0.0000000e+00   4.6852146e-01   6.8466506e-01
   0.0000000e+00   4.6815050e-01   6.8411549e-01
   0.0000000e+00   4.6777954e-01   6.8356592e-01
   0.0000000e+00   4.6740859e-01   6.8301635e-01
   0.0000000e+00   4.6703763e-01   6.8246678e-01
   0.0000000e+00   4.6666667e-01   6.8191721e-01
   0.0000000e+00   4.6629571e-01   6.8136764e-01
   0.0000000e+00   4.6592475e-01   6.8081807e-01
   0.0000000e+00   4.6555379e-01   6.8026850e-01
   0.0000000e+00   4.6518283e-01   6.7971893e-01
   0.0000000e+00   4.6481187e-01   6.7916937e-01
   0.0000000e+00   4.6444091e-01   6.7861980e-01
   0.0000000e+00   4.6406995e-01   6.7807023e-01
   0.0000000e+00   4.6369899e-01   6.7752066e-01
   0.0000000e+00   4.6332803e-01   6.7697109e-01
   0.0000000e+00   4.6295707e-01   6.7642152e-01
   0.0000000e+00   4.6258612e-01   6.7587195e-01
   0.0000000e+00   4.6221516e-01   6.7532238e-01
   0.0000000e+00   4.6184420e-01   6.7477281e-01
   0.0000000e+00   4.6147324e-01   6.7422324e-01
   0.0000000e+00   4.6110228e-01   6.7367367e-01
   0.0000000e+00   4.6073132e-01   6.7312410e-01
   0.0000000e+00   4.6036036e-01   6.7257454e-01
   0.0000000e+00   4.5998940e-01   6.7202497e-01
   0.0000000e+00   4.5961844e-01   6.7147540e-01
   0.0000000e+00   4.5924748e-01   6.7092583e-01
   0.0000000e+00   4.5887652e-01   6.7037626e-01
   0.0000000e+00   4.5850556e-01   6.6982669e-01
   0.0000000e+00   4.5813461e-01   6.6927712e-01
   0.0000000e+00   4.5776365e-01   6.6872755e-01
   0.0000000e+00   4.5739269e-01   6.6817798e-01
   0.0000000e+00   4.5702173e-01   6.6762841e-01
   0.0000000e+00   4.5665077e-01   6.6707884e-01
   0.0000000e+00   4.5627981e-01   6.6652927e-01
   0.0000000e+00   4.5590885e-01   6.6597971e-01
   0.0000000e+00   4.5553789e-01   6.6543014e-01
   0.0000000e+00   4.5516693e-01   6.6488057e-01
   0.0000000e+00   4.5479597e-01   6.6433100e-01
   0.0000000e+00   4.5442501e-01   6.6378143e-01
   0.0000000e+00   4.5405405e-01   6.6323186e-01
   0.0000000e+00   4.5368309e-01   6.6268229e-01
   0.0000000e+00   4.5331214e-01   6.6213272e-01
   0.0000000e+00   4.5294118e-01   6.6158315e-01
   0.0000000e+00   4.5257022e-01   6.6103358e-01
   0.0000000e+00   4.5219926e-01   6.6048401e-01
   0.0000000e+00   4.5182830e-01   6.5993444e-01
   0.0000000e+00   4.5145734e-01   6.5938488e-01
   0.0000000e+00   4.5108638e-01   6.5883531e-01
   0.0000000e+00   4.5071542e-01   6.5828574e-01
   0.0000000e+00   4.5034446e-01   6.5773617e-01
   0.0000000e+00   4.4997350e-01   6.5718660e-01
   0.0000000e+00   4.4960254e-01   6.5663703e-01
   0.0000000e+00   4.4923158e-01   6.5608746e-01
   0.0000000e+00   4.4886063e-01   6.5553789e-01
   0.0000000e+00   4.4848967e-01   6.5498832e-01
   0.0000000e+00   4.4811871e-01   6.5443875e-01
   0.0000000e+00   4.4774775e-01   6.5388918e-01
   0.0000000e+00   4.4737679e-01   6.5333961e-01
   0.0000000e+00   4.4700583e-01   6.5279004e-01
   0.0000000e+00   4.4663487e-01   6.5224048e-01
   0.0000000e+00   4.4626391e-01   6.5169091e-01
   0.0000000e+00   4.4589295e-01   6.5114134e-01
   0.0000000e+00   4.4552199e-01   6.5059177e-01
   0.0000000e+00   4.4515103e-01   6.5004220e-01
   0.0000000e+00   4.4478007e-01   6.4949263e-01
   0.0000000e+00   4.4440911e-01   6.4894306e-01
   0.0000000e+00   4.4403816e-01   6.4839349e-01
   0.0000000e+00   4.4366720e-01   6.4784392e-01
   0.0000000e+00   4.4329624e-01   6.4729435e-01
   0.0000000e+00   4.4292528e-01   6.4674478e-01
   0.0000000e+00   4.4255432e-01   6.4619521e-01
   0.0000000e+00   4.4218336e-01   6.4564565e-01
   0.0000000e+00   4.4181240e-01   6.4509608e-01
   0.0000000e+00   4.4144144e-01   6.4454651e-01
   0.0000000e+00   4.4107048e-01   6.4399694e-01
   0.0000000e+00   4.4069952e-01   6.4344737e-01
   0.0000000e+00   4.4032856e-01   6.4289780e-01
   0.0000000e+00   4.3995760e-01   6.4234823e-01
   0.0000000e+00   4.3958665e-01   6.4179866e-01
   0.0000000e+00   4.3921569e-01   6.4124909e-01
   0.0000000e+00   4.3884473e-01   6.4069952e-01
   0.0000000e+00   4.3847377e-01   6.4014995e-01
   0.0000000e+00   4.3810281e-01   6.3960038e-01
   0.0000000e+00   4.3773185e-01   6.3905082e-01
   0.0000000e+00   4.3736089e-01   6.3850125e-01
   0.0000000e+00   4.3698993e-01   6.3795168e-01
   0.0000000e+00   4.3661897e-01   6.3740211e-01
   0.0000000e+00   4.3624801e-01   6.3685254e-01
   0.0000000e+00   4.3587705e-01   6.3630297e-01
   0.0000000e+00   4.3550609e-01   6.3575340e-01
   0.0000000e+00   4.3513514e-01   6.3520383e-01
   0.0000000e+00   4.3476418e-01   6.3465426e-01
   0.0000000e+00   4.3439322e-01   6.3410469e-01
   0.0000000e+00   4.3402226e-01   6.3355512e-01
   0.0000000e+00   4.3365130e-01   6.3300555e-01
   0.0000000e+00   4.3328034e-01   6.3245599e-01
   0.0000000e+00   4.3290938e-01   6.3190642e-01
   0.0000000e+00   4.3253842e-01   6.3135685e-01
   0.0000000e+00   4.3216746e-01   6.3080728e-01
   0.0000000e+00   4.3179650e-01   6.3025771e-01
   0.0000000e+00   4.3142554e-01   6.2970814e-01
   0.0000000e+00   4.3105458e-01   6.2915857e-01
   0.0000000e+00   4.3068362e-01   6.2860900e-01
   0.0000000e+00   4.3031267e-01   6.2805943e-01
   0.0000000e+00   4.2994171e-01   6.2750986e-01
   0.0000000e+00   4.2957075e-01   6.2696029e-01
   0.0000000e+00   4.2919979e-01   6.2641072e-01
   0.0000000e+00   4.2882883e-01   6.2586116e-01
   0.0000000e+00   4.2845787e-01   6.2531159e-01
   0.0000000e+00   4.2808691e-01   6.2476202e-01
   0.0000000e+00   4.2771595e-01   6.2421245e-01
   0.0000000e+00   4.2734499e-01   6.2366288e-01
   0.0000000e+00   4.2697403e-01   6.2311331e-01
   0.0000000e+00   4.2660307e-01   6.2256374e-01
   0.0000000e+00   4.2623211e-01   6.2201417e-01
   0.0000000e+00   4.2586116e-01   6.2146460e-01
   0.0000000e+00   4.2549020e-01   6.2091503e-01
   0.0000000e+00   4.2511924e-01   6.2036546e-01
   0.0000000e+00   4.2474828e-01   6.1981589e-01
   0.0000000e+00   4.2437732e-01   6.1926633e-01
   0.0000000e+00   4.2400636e-01   6.1871676e-01
   0.0000000e+00   4.2363540e-01   6.1816719e-01
   0.0000000e+00   4.2326444e-01   6.1761762e-01
   0.0000000e+00   4.2289348e-01   6.1706805e-01
   0.0000000e+00   4.2252252e-01   6.1651848e-01
   0.0000000e+00   4.2215156e-01   6.1596891e-01
   0.0000000e+00   4.2178060e-01   6.1541934e-01
   0.0000000e+00   4.2140964e-01   6.1486977e-01
   0.0000000e+00   4.2103869e-01   6.1432020e-01
   0.0000000e+00   4.2066773e-01   6.1377063e-01
   0.0000000e+00   4.2029677e-01   6.1322106e-01
   0.0000000e+00   4.1992581e-01   6.1267150e-01
   0.0000000e+00   4.1955485e-01   6.1212193e-01
   0.0000000e+00   4.1918389e-01   6.1157236e-01
   0.0000000e+00   4.1881293e-01   6.1102279e-01
   0.0000000e+00   4.1844197e-01   6.1047322e-01
   0.0000000e+00   4.1807101e-01   6.0992365e-01
   0.0000000e+00   4.1770005e-01   6.0937408e-01
   0.0000000e+00   4.1732909e-01   6.0882451e-01
   0.0000000e+00   4.1695813e-01   6.0827494e-01
   0.0000000e+00   4.1658718e-01   6.0772537e-01
   0.0000000e+00   4.1621622e-01   6.0717580e-01
   0.0000000e+00   4.1584526e-01   6.0662623e-01
   0.0000000e+00   4.1547430e-01   6.0607666e-01
   0.0000000e+00   4.1510334e-01   6.0552710e-01
   0.0000000e+00   4.1473238e-01   6.0497753e-01
   0.0000000e+00   4.1436142e-01   6.0442796e-01
   0.0000000e+00   4.1399046e-01   6.0387839e-01
   0.0000000e+00   4.1361950e-01   6.0332882e-01
   0.0000000e+00   4.1324854e-01   6.0277925e-01
   0.0000000e+00   4.1287758e-01   6.0222968e-01
   0.0000000e+00   4.1250662e-01   6.0168011e-01
   0.0000000e+00   4.1213567e-01   6.0113054e-01
   0.0000000e+00   4.1176471e-01   6.0058097e-01
   0.0000000e+00   4.1139375e-01   6.0003140e-01
   0.0000000e+00   4.1102279e-01   5.9948183e-01
   0.0000000e+00   4.1065183e-01   5.9893227e-01
   0.0000000e+00   4.1028087e-01   5.9838270e-01
   0.0000000e+00   4.0990991e-01   5.9783313e-01
   0.0000000e+00   4.0953895e-01   5.9728356e-01
   0.0000000e+00   4.0916799e-01   5.9673399e-01
   0.0000000e+00   4.0879703e-01   5.9618442e-01
   0.0000000e+00   4.0842607e-01   5.9563485e-01
   0.0000000e+00   4.0805511e-01   5.9508528e-01
   0.0000000e+00   4.0768415e-01   5.9453571e-01
   0.0000000e+00   4.0731320e-01   5.9398614e-01
   0.0000000e+00   4.0694224e-01   5.9343657e-01
   0.0000000e+00   4.0657128e-01   5.9288700e-01
   0.0000000e+00   4.0620032e-01   5.9233744e-01
   0.0000000e+00   4.0582936e-01   5.9178787e-01
   0.0000000e+00   4.0545840e-01   5.9123830e-01
   0.0000000e+00   4.0508744e-01   5.9068873e-01
   0.0000000e+00   4.0471648e-01   5.9013916e-01
   0.0000000e+00   4.0434552e-01   5.8958959e-01
   0.0000000e+00   4.0397456e-01   5.8904002e-01
   0.0000000e+00   4.0360360e-01   5.8849045e-01
   0.0000000e+00   4.0323264e-01   5.8794088e-01
   0.0000000e+00   4.0286169e-01   5.8739131e-01
   0.0000000e+00   4.0249073e-01   5.8684174e-01
   0.0000000e+00   4.0211977e-01   5.8629217e-01
   0.0000000e+00   4.0174881e-01   5.8574261e-01
   0.0000000e+00   4.0137785e-01   5.8519304e-01
   0.0000000e+00   4.0100689e-01   5.8464347e-01
   0.0000000e+00   4.0063593e-01   5.8409390e-01
   0.0000000e+00   4.0026497e-01   5.8354433e-01
   0.0000000e+00   3.9989401e-01   5.8299476e-01
   0.0000000e+00   3.9952305e-01   5.8244519e-01
   0.0000000e+00   3.9915209e-01   5.8189562e-01
   0.0000000e+00   3.9878113e-01   5.8134605e-01
   0.0000000e+00   3.9841017e-01   5.8079648e-01
   0.0000000e+00   3.9803922e-01   5.8024691e-01
   0.0000000e+00   3.9766826e-01   5.7969734e-01
   0.0000000e+00   3.9729730e-01   5.7914778e-01
   0.0000000e+00   3.9692634e-01   5.7859821e-01
   0.0000000e+00   3.9655538e-01   5.7804864e-01
   0.0000000e+00   3.9618442e-01   5.7749907e-01
   0.0000000e+00   3.9581346e-01   5.7694950e-01
   0.0000000e+00   3.9544250e-01   5.7639993e-01
   0.0000000e+00   3.9507154e-01   5.7585036e-01
   0.0000000e+00   3.9470058e-01   5.7530079e-01
   0.0000000e+00   3.9432962e-01   5.7475122e-01
   0.0000000e+00   3.9395866e-01   5.7420165e-01
   0.0000000e+00   3.9358771e-01   5.7365208e-01
   0.0000000e+00   3.9321675e-01   5.7310251e-01
   0.0000000e+00   3.9284579e-01   5.7255295e-01
   0.0000000e+00   3.9247483e-01   5.7200338e-01
   0.0000000e+00   3.9210387e-01   5.7145381e-01
   0.0000000e+00   3.9173291e-01   5.7090424e-01
   0.0000000e+00   3.9136195e-01   5.7035467e-01
   0.0000000e+00   3.9099099e-01   5.6980510e-01
   0.0000000e+00   3.9062003e-01   5.6925553e-01
   0.0000000e+00   3.9024907e-01   5.6870596e-01
   0.0000000e+00   3.8987811e-01   5.6815639e-01
   0.0000000e+00   3.8950715e-01   5.6760682e-01
   0.0000000e+00   3.8913620e-01   5.6705725e-01
   0.0000000e+00   3.8876524e-01   5.6650768e-01
   0.0000000e+00   3.8839428e-01   5.6595811e-01
   0.0000000e+00   3.8802332e-01   5.6540855e-01
   0.0000000e+00   3.8765236e-01   5.6485898e-01
   0.0000000e+00   3.8728140e-01   5.6430941e-01
   0.0000000e+00   3.8691044e-01   5.6375984e-01
   0.0000000e+00   3.8653948e-01   5.6321027e-01
   0.0000000e+00   3.8616852e-01   5.6266070e-01
   0.0000000e+00   3.8579756e-01   5.6211113e-01
   0.0000000e+00   3.8542660e-01   5.6156156e-01
   0.0000000e+00   3.8505564e-01   5.6101199e-01
   0.0000000e+00   3.8468468e-01   5.6046242e-01
   0.0000000e+00   3.8431373e-01   5.5991285e-01
   0.0000000e+00   3.8394277e-01   5.5936328e-01
   0.0000000e+00   3.8357181e-01   5.5881372e-01
   0.0000000e+00   3.8320085e-01   5.5826415e-01
   0.0000000e+00   3.8282989e-01   5.5771458e-01
   0.0000000e+00   3.8245893e-01   5.5716501e-01
   0.0000000e+00   3.8208797e-01   5.5661544e-01
   0.0000000e+00   3.8171701e-01   5.5606587e-01
   0.0000000e+00   3.8134605e-01   5.5551630e-01
   0.0000000e+00   3.8097509e-01   5.5496673e-01
   0.0000000e+00   3.8060413e-01   5.5441716e-01
   0.0000000e+00   3.8023317e-01   5.5386759e-01
   0.0000000e+00   3.7986222e-01   5.5331802e-01
   0.0000000e+00   3.7949126e-01   5.5276845e-01
   0.0000000e+00   3.7912030e-01   5.5221889e-01
   0.0000000e+00   3.7874934e-01   5.5166932e-01
   0.0000000e+00   3.7837838e-01   5.5111975e-01
   0.0000000e+00   3.7800742e-01   5.5057018e-01
   0.0000000e+00   3.7763646e-01   5.5002061e-01
   0.0000000e+00   3.7726550e-01   5.4947104e-01
   0.0000000e+00   3.7689454e-01   5.4892147e-01
   0.0000000e+00   3.7652358e-01   5.4837190e-01
   0.0000000e+00   3.7615262e-01   5.4782233e-01
   0.0000000e+00   3.7578166e-01   5.4727276e-01
   0.0000000e+00   3.7541070e-01   5.4672319e-01
   0.0000000e+00   3.7503975e-01   5.4617362e-01
   0.0000000e+00   3.7466879e-01   5.4562406e-01
   0.0000000e+00   3.7429783e-01   5.4507449e-01
   0.0000000e+00   3.7392687e-01   5.4452492e-01
   0.0000000e+00   3.7355591e-01   5.4397535e-01
   0.0000000e+00   3.7318495e-01   5.4342578e-01
   0.0000000e+00   3.7281399e-01   5.4287621e-01
   0.0000000e+00   3.7244303e-01   5.4232664e-01
   0.0000000e+00   3.7207207e-01   5.4177707e-01
   0.0000000e+00   3.7170111e-01   5.4122750e-01
   0.0000000e+00   3.7133015e-01   5.4067793e-01
   0.0000000e+00   3.7095919e-01   5.4012836e-01
   0.0000000e+00   3.7058824e-01   5.3957879e-01
   0.0000000e+00   3.7021728e-01   5.3902923e-01
   0.0000000e+00   3.6984632e-01   5.3847966e-01
   0.0000000e+00   3.6947536e-01   5.3793009e-01
   0.0000000e+00   3.6910440e-01   5.3738052e-01
   0.0000000e+00   3.6873344e-01   5.3683095e-01
   0.0000000e+00   3.6836248e-01   5.3628138e-01
   0.0000000e+00   3.6799152e-01   5.3573181e-01
   0.0000000e+00   3.6762056e-01   5.3518224e-01
   0.0000000e+00   3.6724960e-01   5.3463267e-01
   0.0000000e+00   3.6687864e-01   5.3408310e-01
   0.0000000e+00   3.6650768e-01   5.3353353e-01
   0.0000000e+00   3.6613672e-01   5.3298396e-01
   0.0000000e+00   3.6576577e-01   5.3243440e-01
   0.0000000e+00   3.6539481e-01   5.3188483e-01
   0.0000000e+00   3.6502385e-01   5.3133526e-01
   0.0000000e+00   3.6465289e-01   5.3078569e-01
   0.0000000e+00   3.6428193e-01   5.3023612e-01
   0.0000000e+00   3.6391097e-01   5.2968655e-01
   0.0000000e+00   3.6354001e-01   5.2913698e-01
   0.0000000e+00   3.6316905e-01   5.2858741e-01
   0.0000000e+00   3.6279809e-01   5.2803784e-01
   0.0000000e+00   3.6242713e-01   5.2748827e-01
   0.0000000e+00   3.6205617e-01   5.2693870e-01
   0.0000000e+00   3.6168521e-01   5.2638913e-01
   0.0000000e+00   3.6131426e-01   5.2583957e-01
   0.0000000e+00   3.6094330e-01   5.2529000e-01
   0.0000000e+00   3.6057234e-01   5.2474043e-01
   0.0000000e+00   3.6020138e-01   5.2419086e-01
   0.0000000e+00   3.5983042e-01   5.2364129e-01
   0.0000000e+00   3.5945946e-01   5.2309172e-01
   0.0000000e+00   3.5908850e-01   5.2254215e-01
   0.0000000e+00   3.5871754e-01   5.2199258e-01
   0.0000000e+00   3.5834658e-01   5.2144301e-01
   0.0000000e+00   3.5797562e-01   5.2089344e-01
   0.0000000e+00   3.5760466e-01   5.2034387e-01
   0.0000000e+00   3.5723370e-01   5.1979430e-01
   0.0000000e+00   3.5686275e-01   5.1924473e-01
   0.0000000e+00   3.5649179e-01   5.1869517e-01
   0.0000000e+00   3.5612083e-01   5.1814560e-01
   0.0000000e+00   3.5574987e-01   5.1759603e-01
   0.0000000e+00   3.5537891e-01   5.1704646e-01
   0.0000000e+00   3.5500795e-01   5.1649689e-01
   0.0000000e+00   3.5463699e-01   5.1594732e-01
   0.0000000e+00   3.5426603e-01   5.1539775e-01
   0.0000000e+00   3.5389507e-01   5.1484818e-01
   0.0000000e+00   3.5352411e-01   5.1429861e-01
   0.0000000e+00   3.5315315e-01   5.1374904e-01
   0.0000000e+00   3.5278219e-01   5.1319947e-01
   0.0000000e+00   3.5241123e-01   5.1264990e-01
   0.0000000e+00   3.5204028e-01   5.1210034e-01
   0.0000000e+00   3.5166932e-01   5.1155077e-01
   0.0000000e+00   3.5129836e-01   5.1100120e-01
   0.0000000e+00   3.5092740e-01   5.1045163e-01
   0.0000000e+00   3.5055644e-01   5.0990206e-01
   0.0000000e+00   3.5018548e-01   5.0935249e-01
   0.0000000e+00   3.4981452e-01   5.0880292e-01
   0.0000000e+00   3.4944356e-01   5.0825335e-01
   0.0000000e+00   3.4907260e-01   5.0770378e-01
   0.0000000e+00   3.4870164e-01   5.0715421e-01
   0.0000000e+00   3.4833068e-01   5.0660464e-01
   0.0000000e+00   3.4795972e-01   5.0605507e-01
   0.0000000e+00   3.4758877e-01   5.0550551e-01
   0.0000000e+00   3.4721781e-01   5.0495594e-01
   0.0000000e+00   3.4684685e-01   5.0440637e-01
   0.0000000e+00   3.4647589e-01   5.0385680e-01
   0.0000000e+00   3.4610493e-01   5.0330723e-01
   0.0000000e+00   3.4573397e-01   5.0275766e-01
   0.0000000e+00   3.4536301e-01   5.0220809e-01
   0.0000000e+00   3.4499205e-01   5.0165852e-01
   0.0000000e+00   3.4462109e-01   5.0110895e-01
   0.0000000e+00   3.4425013e-01   5.0055938e-01
   0.0000000e+00   3.4387917e-01   5.0000981e-01
   0.0000000e+00   3.4350821e-01   4.9946024e-01
   0.0000000e+00   3.4313725e-01   4.9891068e-01
   0.0000000e+00   3.4276630e-01   4.9836111e-01
   0.0000000e+00   3.4239534e-01   4.9781154e-01
   0.0000000e+00   3.4202438e-01   4.9726197e-01
   0.0000000e+00   3.4165342e-01   4.9671240e-01
   0.0000000e+00   3.4128246e-01   4.9616283e-01
   0.0000000e+00   3.4091150e-01   4.9561326e-01
   0.0000000e+00   3.4054054e-01   4.9506369e-01
   0.0000000e+00   3.4016958e-01   4.9451412e-01
   0.0000000e+00   3.3979862e-01   4.9396455e-01
   0.0000000e+00   3.3942766e-01   4.9341498e-01
   0.0000000e+00   3.3905670e-01   4.9286541e-01
   0.0000000e+00   3.3868574e-01   4.9231585e-01
   0.0000000e+00   3.3831479e-01   4.9176628e-01
   0.0000000e+00   3.3794383e-01   4.9121671e-01
   0.0000000e+00   3.3757287e-01   4.9066714e-01
   0.0000000e+00   3.3720191e-01   4.9011757e-01
   0.0000000e+00   3.3683095e-01   4.8956800e-01
   0.0000000e+00   3.3645999e-01   4.8901843e-01
   0.0000000e+00   3.3608903e-01   4.8846886e-01
   0.0000000e+00   3.3571807e-01   4.8791929e-01
   0.0000000e+00   3.3534711e-01   4.8736972e-01
   0.0000000e+00   3.3497615e-01   4.8682015e-01
   0.0000000e+00   3.3460519e-01   4.8627058e-01
   0.0000000e+00   3.3423423e-01   4.8572102e-01
   0.0000000e+00   3.3386328e-01   4.8517145e-01
   0.0000000e+00   3.3349232e-01   4.8462188e-01
   0.0000000e+00   3.3312136e-01   4.8407231e-01
   0.0000000e+00   3.3275040e-01   4.8352274e-01
   0.0000000e+00   3.3237944e-01   4.8297317e-01
   0.0000000e+00   3.3200848e-01   4.8242360e-01
   0.0000000e+00   3.3163752e-01   4.8187403e-01
   0.0000000e+00   3.3126656e-01   4.8132446e-01
   0.0000000e+00   3.3089560e-01   4.8077489e-01
   0.0000000e+00   3.3052464e-01   4.8022532e-01
   0.0000000e+00   3.3015368e-01   4.7967575e-01
   0.0000000e+00   3.2978272e-01   4.7912619e-01
   0.0000000e+00   3.2941176e-01   4.7857662e-01
   0.0000000e+00   3.2904081e-01   4.7802705e-01
   0.0000000e+00   3.2866985e-01   4.7747748e-01
   0.0000000e+00   3.2829889e-01   4.7692791e-01
   0.0000000e+00   3.2792793e-01   4.7637834e-01
   0.0000000e+00   3.2755697e-01   4.7582877e-01
   0.0000000e+00   3.2718601e-01   4.7527920e-01
   0.0000000e+00   3.2681505e-01   4.7472963e-01
   0.0000000e+00   3.2644409e-01   4.7418006e-01
   0.0000000e+00   3.2607313e-01   4.7363049e-01
   0.0000000e+00   3.2570217e-01   4.7308092e-01
   0.0000000e+00   3.2533121e-01   4.7253135e-01
   0.0000000e+00   3.2496025e-01   4.7198179e-01
   0.0000000e+00   3.2458930e-01   4.7143222e-01
   0.0000000e+00   3.2421834e-01   4.7088265e-01
   0.0000000e+00   3.2384738e-01   4.7033308e-01
   0.0000000e+00   3.2347642e-01   4.6978351e-01
   0.0000000e+00   3.2310546e-01   4.6923394e-01
   0.0000000e+00   3.2273450e-01   4.6868437e-01
   0.0000000e+00   3.2236354e-01   4.6813480e-01
   0.0000000e+00   3.2199258e-01   4.6758523e-01
   0.0000000e+00   3.2162162e-01   4.6703566e-01
   0.0000000e+00   3.2125066e-01   4.6648609e-01
   0.0000000e+00   3.2087970e-01   4.6593652e-01
   0.0000000e+00   3.2050874e-01   4.6538696e-01
   0.0000000e+00   3.2013778e-01   4.6483739e-01
   0.0000000e+00   3.1976683e-01   4.6428782e-01
   0.0000000e+00   3.1939587e-01   4.6373825e-01
   0.0000000e+00   3.1902491e-01   4.6318868e-01
   0.0000000e+00   3.1865395e-01   4.6263911e-01
   0.0000000e+00   3.1828299e-01   4.6208954e-01
   0.0000000e+00   3.1791203e-01   4.6153997e-01
   0.0000000e+00   3.1754107e-01   4.6099040e-01
   0.0000000e+00   3.1717011e-01   4.6044083e-01
   0.0000000e+00   3.1679915e-01   4.5989126e-01
   0.0000000e+00   3.1642819e-01   4.5934169e-01
   0.0000000e+00   3.1605723e-01   4.5879213e-01
   0.0000000e+00   3.1568627e-01   4.5824256e-01
   0.0000000e+00   3.1531532e-01   4.5769299e-01
   0.0000000e+00   3.1494436e-01   4.5714342e-01
   0.0000000e+00   3.1457340e-01   4.5659385e-01
   0.0000000e+00   3.1420244e-01   4.5604428e-01
   0.0000000e+00   3.1383148e-01   4.5549471e-01
   0.0000000e+00   3.1346052e-01   4.5494514e-01
   0.0000000e+00   3.1308956e-01   4.5439557e-01
   0.0000000e+00   3.1271860e-01   4.5384600e-01
   0.0000000e+00   3.1234764e-01   4.5329643e-01
   0.0000000e+00   3.1197668e-01   4.5274686e-01
   0.0000000e+00   3.1160572e-01   4.5219730e-01
   0.0000000e+00   3.1123476e-01   4.5164773e-01
   0.0000000e+00   3.1086380e-01   4.5109816e-01
   0.0000000e+00   3.1049285e-01   4.5054859e-01
   0.0000000e+00   3.1012189e-01   4.4999902e-01
   0.0000000e+00   3.0975093e-01   4.4944945e-01
   0.0000000e+00   3.0937997e-01   4.4889988e-01
   0.0000000e+00   3.0900901e-01   4.4835031e-01
   0.0000000e+00   3.0863805e-01   4.4780074e-01
   0.0000000e+00   3.0826709e-01   4.4725117e-01
   0.0000000e+00   3.0789613e-01   4.4670160e-01
   0.0000000e+00   3.0752517e-01   4.4615203e-01
   0.0000000e+00   3.0715421e-01   4.4560247e-01
   0.0000000e+00   3.0678325e-01   4.4505290e-01
   0.0000000e+00   3.0641229e-01   4.4450333e-01
   0.0000000e+00   3.0604134e-01   4.4395376e-01
   0.0000000e+00   3.0567038e-01   4.4340419e-01
   0.0000000e+00   3.0529942e-01   4.4285462e-01
   0.0000000e+00   3.0492846e-01   4.4230505e-01
   0.0000000e+00   3.0455750e-01   4.4175548e-01
   0.0000000e+00   3.0418654e-01   4.4120591e-01
   0.0000000e+00   3.0381558e-01   4.4065634e-01
   0.0000000e+00   3.0344462e-01   4.4010677e-01
   0.0000000e+00   3.0307366e-01   4.3955720e-01
   0.0000000e+00   3.0270270e-01   4.3900764e-01
   0.0000000e+00   3.0233174e-01   4.3845807e-01
   0.0000000e+00   3.0196078e-01   4.3790850e-01
   0.0000000e+00   3.0158983e-01   4.3735893e-01
   0.0000000e+00   3.0121887e-01   4.3680936e-01
   0.0000000e+00   3.0084791e-01   4.3625979e-01
   0.0000000e+00   3.0047695e-01   4.3571022e-01
   0.0000000e+00   3.0010599e-01   4.3516065e-01
   0.0000000e+00   2.9973503e-01   4.3461108e-01
   0.0000000e+00   2.9936407e-01   4.3406151e-01
   0.0000000e+00   2.9899311e-01   4.3351194e-01
   0.0000000e+00   2.9862215e-01   4.3296237e-01
   0.0000000e+00   2.9825119e-01   4.3241280e-01
   0.0000000e+00   2.9788023e-01   4.3186324e-01
   0.0000000e+00   2.9750927e-01   4.3131367e-01
   0.0000000e+00   2.9713831e-01   4.3076410e-01
   0.0000000e+00   2.9676736e-01   4.3021453e-01
   0.0000000e+00   2.9639640e-01   4.2966496e-01
   0.0000000e+00   2.9602544e-01   4.2911539e-01
   0.0000000e+00   2.9565448e-01   4.2856582e-01
   0.0000000e+00   2.9528352e-01   4.2801625e-01
   0.0000000e+00   2.9491256e-01   4.2746668e-01
   0.0000000e+00   2.9454160e-01   4.2691711e-01
   0.0000000e+00   2.9417064e-01   4.2636754e-01
   0.0000000e+00   2.9379968e-01   4.2581797e-01
   0.0000000e+00   2.9342872e-01   4.2526841e-01
   0.0000000e+00   2.9305776e-01   4.2471884e-01
   0.0000000e+00   2.9268680e-01   4.2416927e-01
   0.0000000e+00   2.9231585e-01   4.2361970e-01
   0.0000000e+00   2.9194489e-01   4.2307013e-01
   0.0000000e+00   2.9157393e-01   4.2252056e-01
   0.0000000e+00   2.9120297e-01   4.2197099e-01
   0.0000000e+00   2.9083201e-01   4.2142142e-01
   0.0000000e+00   2.9046105e-01   4.2087185e-01
   0.0000000e+00   2.9009009e-01   4.2032228e-01
   0.0000000e+00   2.8971913e-01   4.1977271e-01
   0.0000000e+00   2.8934817e-01   4.1922314e-01
   0.0000000e+00   2.8897721e-01   4.1867358e-01
   0.0000000e+00   2.8860625e-01   4.1812401e-01
   0.0000000e+00   2.8823529e-01   4.1757444e-01
   0.0000000e+00   2.8786433e-01   4.1702487e-01
   0.0000000e+00   2.8749338e-01   4.1647530e-01
   0.0000000e+00   2.8712242e-01   4.1592573e-01
   0.0000000e+00   2.8675146e-01   4.1537616e-01
   0.0000000e+00   2.8638050e-01   4.1482659e-01
   0.0000000e+00   2.8600954e-01   4.1427702e-01
   0.0000000e+00   2.8563858e-01   4.1372745e-01
   0.0000000e+00   2.8526762e-01   4.1317788e-01
   0.0000000e+00   2.8489666e-01   4.1262831e-01
   0.0000000e+00   2.8452570e-01   4.1207875e-01
   0.0000000e+00   2.8415474e-01   4.1152918e-01
   0.0000000e+00   2.8378378e-01   4.1097961e-01
   0.0000000e+00   2.8341282e-01   4.1043004e-01
   0.0000000e+00   2.8304187e-01   4.0988047e-01
   0.0000000e+00   2.8267091e-01   4.0933090e-01
   0.0000000e+00   2.8229995e-01   4.0878133e-01
   0.0000000e+00   2.8192899e-01   4.0823176e-01
   0.0000000e+00   2.8155803e-01   4.0768219e-01
   0.0000000e+00   2.8118707e-01   4.0713262e-01
   0.0000000e+00   2.8081611e-01   4.0658305e-01
   0.0000000e+00   2.8044515e-01   4.0603348e-01
   0.0000000e+00   2.8007419e-01   4.0548392e-01
   0.0000000e+00   2.7970323e-01   4.0493435e-01
   0.0000000e+00   2.7933227e-01   4.0438478e-01
   0.0000000e+00   2.7896131e-01   4.0383521e-01
   0.0000000e+00   2.7859036e-01   4.0328564e-01
   0.0000000e+00   2.7821940e-01   4.0273607e-01
   0.0000000e+00   2.7784844e-01   4.0218650e-01
   0.0000000e+00   2.7747748e-01   4.0163693e-01
   0.0000000e+00   2.7710652e-01   4.0108736e-01
   0.0000000e+00   2.7673556e-01   4.0053779e-01
   0.0000000e+00   2.7636460e-01   3.9998822e-01
   0.0000000e+00   2.7599364e-01   3.9943865e-01
   0.0000000e+00   2.7562268e-01   3.9888909e-01
   0.0000000e+00   2.7525172e-01   3.9833952e-01
   0.0000000e+00   2.7488076e-01   3.9778995e-01
   0.0000000e+00   2.7450980e-01   3.9724038e-01
   0.0000000e+00   2.7413884e-01   3.9669081e-01
   0.0000000e+00   2.7376789e-01   3.9614124e-01
   0.0000000e+00   2.7339693e-01   3.9559167e-01
   0.0000000e+00   2.7302597e-01   3.9504210e-01
   0.0000000e+00   2.7265501e-01   3.9449253e-01
   0.0000000e+00   2.7228405e-01   3.9394296e-01
   0.0000000e+00   2.7191309e-01   3.9339339e-01
   0.0000000e+00   2.7154213e-01   3.9284382e-01
   0.0000000e+00   2.7117117e-01   3.9229426e-01
   0.0000000e+00   2.7080021e-01   3.9174469e-01
   0.0000000e+00   2.7042925e-01   3.9119512e-01
   0.0000000e+00   2.7005829e-01   3.9064555e-01
   0.0000000e+00   2.6968733e-01   3.9009598e-01
   0.0000000e+00   2.6931638e-01   3.8954641e-01
   0.0000000e+00   2.6894542e-01   3.8899684e-01
   0.0000000e+00   2.6857446e-01   3.8844727e-01
   0.0000000e+00   2.6820350e-01   3.8789770e-01
   0.0000000e+00   2.6783254e-01   3.8734813e-01
   0.0000000e+00   2.6746158e-01   3.8679856e-01
   0.0000000e+00   2.6709062e-01   3.8624899e-01
   0.0000000e+00   2.6671966e-01   3.8569942e-01
   0.0000000e+00   2.6634870e-01   3.8514986e-01
   0.0000000e+00   2.6597774e-01   3.8460029e-01
   0.0000000e+00   2.6560678e-01   3.8405072e-01
   0.0000000e+00   2.6523582e-01   3.8350115e-01
   0.0000000e+00   2.6486486e-01   3.8295158e-01
   0.0000000e+00   2.6449391e-01   3.8240201e-01
   0.0000000e+00   2.6412295e-01   3.8185244e-01
   0.0000000e+00   2.6375199e-01   3.8130287e-01
   0.0000000e+00   2.6338103e-01   3.8075330e-01
   0.0000000e+00   2.6301007e-01   3.8020373e-01
   0.0000000e+00   2.6263911e-01   3.7965416e-01
   0.0000000e+00   2.6226815e-01   3.7910459e-01
   0.0000000e+00   2.6189719e-01   3.7855503e-01
   0.0000000e+00   2.6152623e-01   3.7800546e-01
   0.0000000e+00   2.6115527e-01   3.7745589e-01
   0.0000000e+00   2.6078431e-01   3.7690632e-01
   0.0000000e+00   2.6041335e-01   3.7635675e-01
   0.0000000e+00   2.6004240e-01   3.7580718e-01
   0.0000000e+00   2.5967144e-01   3.7525761e-01
   0.0000000e+00   2.5930048e-01   3.7470804e-01
   0.0000000e+00   2.5892952e-01   3.7415847e-01
   0.0000000e+00   2.5855856e-01   3.7360890e-01
   0.0000000e+00   2.5818760e-01   3.7305933e-01
   0.0000000e+00   2.5781664e-01   3.7250976e-01
   0.0000000e+00   2.5744568e-01   3.7196020e-01
   0.0000000e+00   2.5707472e-01   3.7141063e-01
   0.0000000e+00   2.5670376e-01   3.7086106e-01
   0.0000000e+00   2.5633280e-01   3.7031149e-01
   0.0000000e+00   2.5596184e-01   3.6976192e-01
   0.0000000e+00   2.5559089e-01   3.6921235e-01
   0.0000000e+00   2.5521993e-01   3.6866278e-01
   0.0000000e+00   2.5484897e-01   3.6811321e-01
   0.0000000e+00   2.5447801e-01   3.6756364e-01
   0.0000000e+00   2.5410705e-01   3.6701407e-01
   0.0000000e+00   2.5373609e-01   3.6646450e-01
   0.0000000e+00   2.5336513e-01   3.6591493e-01
   0.0000000e+00   2.5299417e-01   3.6536537e-01
   0.0000000e+00   2.5262321e-01   3.6481580e-01
   0.0000000e+00   2.5225225e-01   3.6426623e-01
   0.0000000e+00   2.5188129e-01   3.6371666e-01
   0.0000000e+00   2.5151033e-01   3.6316709e-01
   0.0000000e+00   2.5113937e-01   3.6261752e-01
   0.0000000e+00   2.5076842e-01   3.6206795e-01
   0.0000000e+00   2.5039746e-01   3.6151838e-01
   0.0000000e+00   2.5002650e-01   3.6096881e-01
   0.0000000e+00   2.4965554e-01   3.6041924e-01
   0.0000000e+00   2.4928458e-01   3.5986967e-01
   0.0000000e+00   2.4891362e-01   3.5932010e-01
   0.0000000e+00   2.4854266e-01   3.5877054e-01
   0.0000000e+00   2.4817170e-01   3.5822097e-01
   0.0000000e+00   2.4780074e-01   3.5767140e-01
   0.0000000e+00   2.4742978e-01   3.5712183e-01
   0.0000000e+00   2.4705882e-01   3.5657226e-01
   0.0000000e+00   2.4668786e-01   3.5602269e-01
   0.0000000e+00   2.4631691e-01   3.5547312e-01
   0.0000000e+00   2.4594595e-01   3.5492355e-01
   0.0000000e+00   2.4557499e-01   3.5437398e-01
   0.0000000e+00   2.4520403e-01   3.5382441e-01
   0.0000000e+00   2.4483307e-01   3.5327484e-01
   0.0000000e+00   2.4446211e-01   3.5272527e-01
   0.0000000e+00   2.4409115e-01   3.5217571e-01
   0.0000000e+00   2.4372019e-01   3.5162614e-01
   0.0000000e+00   2.4334923e-01   3.5107657e-01
   0.0000000e+00   2.4297827e-01   3.5052700e-01
   0.0000000e+00   2.4260731e-01   3.4997743e-01
   0.0000000e+00   2.4223635e-01   3.4942786e-01
   0.0000000e+00   2.4186539e-01   3.4887829e-01
   0.0000000e+00   2.4149444e-01   3.4832872e-01
   0.0000000e+00   2.4112348e-01   3.4777915e-01
   0.0000000e+00   2.4075252e-01   3.4722958e-01
   0.0000000e+00   2.4038156e-01   3.4668001e-01
   0.0000000e+00   2.4001060e-01   3.4613044e-01
   0.0000000e+00   2.3963964e-01   3.4558087e-01
   0.0000000e+00   2.3926868e-01   3.4503131e-01
   0.0000000e+00   2.3889772e-01   3.4448174e-01
   0.0000000e+00   2.3852676e-01   3.4393217e-01
   0.0000000e+00   2.3815580e-01   3.4338260e-01
   0.0000000e+00   2.3778484e-01   3.4283303e-01
   0.0000000e+00   2.3741388e-01   3.4228346e-01
   0.0000000e+00   2.3704293e-01   3.4173389e-01
   0.0000000e+00   2.3667197e-01   3.4118432e-01
   0.0000000e+00   2.3630101e-01   3.4063475e-01
   0.0000000e+00   2.3593005e-01   3.4008518e-01
   0.0000000e+00   2.3555909e-01   3.3953561e-01
   0.0000000e+00   2.3518813e-01   3.3898604e-01
   0.0000000e+00   2.3481717e-01   3.3843648e-01
   0.0000000e+00   2.3444621e-01   3.3788691e-01
   0.0000000e+00   2.3407525e-01   3.3733734e-01
   0.0000000e+00   2.3370429e-01   3.3678777e-01
   0.0000000e+00   2.3333333e-01   3.3623820e-01
   0.0000000e+00   2.3296237e-01   3.3568863e-01
   0.0000000e+00   2.3259141e-01   3.3513906e-01
   0.0000000e+00   2.3222046e-01   3.3458949e-01
   0.0000000e+00   2.3184950e-01   3.3403992e-01
   0.0000000e+00   2.3147854e-01   3.3349035e-01
   0.0000000e+00   2.3110758e-01   3.3294078e-01
   0.0000000e+00   2.3073662e-01   3.3239121e-01
   0.0000000e+00   2.3036566e-01   3.3184165e-01
   0.0000000e+00   2.2999470e-01   3.3129208e-01
   0.0000000e+00   2.2962374e-01   3.3074251e-01
   0.0000000e+00   2.2925278e-01   3.3019294e-01
   0.0000000e+00   2.2888182e-01   3.2964337e-01
   0.0000000e+00   2.2851086e-01   3.2909380e-01
   0.0000000e+00   2.2813990e-01   3.2854423e-01
   0.0000000e+00   2.2776895e-01   3.2799466e-01
   0.0000000e+00   2.2739799e-01   3.2744509e-01
   0.0000000e+00   2.2702703e-01   3.2689552e-01
   0.0000000e+00   2.2665607e-01   3.2634595e-01
   0.0000000e+00   2.2628511e-01   3.2579638e-01
   0.0000000e+00   2.2591415e-01   3.2524682e-01
   0.0000000e+00   2.2554319e-01   3.2469725e-01
   0.0000000e+00   2.2517223e-01   3.2414768e-01
   0.0000000e+00   2.2480127e-01   3.2359811e-01
   0.0000000e+00   2.2443031e-01   3.2304854e-01
   0.0000000e+00   2.2405935e-01   3.2249897e-01
   0.0000000e+00   2.2368839e-01   3.2194940e-01
   0.0000000e+00   2.2331744e-01   3.2139983e-01
   0.0000000e+00   2.2294648e-01   3.2085026e-01
   0.0000000e+00   2.2257552e-01   3.2030069e-01
   0.0000000e+00   2.2220456e-01   3.1975112e-01
   0.0000000e+00   2.2183360e-01   3.1920155e-01
   0.0000000e+00   2.2146264e-01   3.1865199e-01
   0.0000000e+00   2.2109168e-01   3.1810242e-01
   0.0000000e+00   2.2072072e-01   3.1755285e-01
   0.0000000e+00   2.2034976e-01   3.1700328e-01
   0.0000000e+00   2.1997880e-01   3.1645371e-01
   0.0000000e+00   2.1960784e-01   3.1590414e-01
   0.0000000e+00   2.1923688e-01   3.1535457e-01
   0.0000000e+00   2.1886592e-01   3.1480500e-01
   0.0000000e+00   2.1849497e-01   3.1425543e-01
   0.0000000e+00   2.1812401e-01   3.1370586e-01
   0.0000000e+00   2.1775305e-01   3.1315629e-01
   0.0000000e+00   2.1738209e-01   3.1260672e-01
   0.0000000e+00   2.1701113e-01   3.1205716e-01
   0.0000000e+00   2.1664017e-01   3.1150759e-01
   0.0000000e+00   2.1626921e-01   3.1095802e-01
   0.0000000e+00   2.1589825e-01   3.1040845e-01
   0.0000000e+00   2.1552729e-01   3.0985888e-01
   0.0000000e+00   2.1515633e-01   3.0930931e-01
   0.0000000e+00   2.1478537e-01   3.0875974e-01
   0.0000000e+00   2.1441441e-01   3.0821017e-01
   0.0000000e+00   2.1404346e-01   3.0766060e-01
   0.0000000e+00   2.1367250e-01   3.0711103e-01
   0.0000000e+00   2.1330154e-01   3.0656146e-01
   0.0000000e+00   2.1293058e-01   3.0601189e-01
   0.0000000e+00   2.1255962e-01   3.0546233e-01
   0.0000000e+00   2.1218866e-01   3.0491276e-01
   0.0000000e+00   2.1181770e-01   3.0436319e-01
   0.0000000e+00   2.1144674e-01   3.0381362e-01
   0.0000000e+00   2.1107578e-01   3.0326405e-01
   0.0000000e+00   2.1070482e-01   3.0271448e-01
   0.0000000e+00   2.1033386e-01   3.0216491e-01
   0.0000000e+00   2.0996290e-01   3.0161534e-01
   0.0000000e+00   2.0959194e-01   3.0106577e-01
   0.0000000e+00   2.0922099e-01   3.0051620e-01
   0.0000000e+00   2.0885003e-01   2.9996663e-01
   0.0000000e+00   2.0847907e-01   2.9941706e-01
   0.0000000e+00   2.0810811e-01   2.9886749e-01
   0.0000000e+00   2.0773715e-01   2.9831793e-01
   0.0000000e+00   2.0736619e-01   2.9776836e-01
   0.0000000e+00   2.0699523e-01   2.9721879e-01
   0.0000000e+00   2.0662427e-01   2.9666922e-01
   0.0000000e+00   2.0625331e-01   2.9611965e-01
   0.0000000e+00   2.0588235e-01   2.9557008e-01
   0.0000000e+00   2.0551139e-01   2.9502051e-01
   0.0000000e+00   2.0514043e-01   2.9447094e-01
   0.0000000e+00   2.0476948e-01   2.9392137e-01
   0.0000000e+00   2.0439852e-01   2.9337180e-01
   0.0000000e+00   2.0402756e-01   2.9282223e-01
   0.0000000e+00   2.0365660e-01   2.9227266e-01
   0.0000000e+00   2.0328564e-01   2.9172310e-01
   0.0000000e+00   2.0291468e-01   2.9117353e-01
   0.0000000e+00   2.0254372e-01   2.9062396e-01
   0.0000000e+00   2.0217276e-01   2.9007439e-01
   0.0000000e+00   2.0180180e-01   2.8952482e-01
   0.0000000e+00   2.0143084e-01   2.8897525e-01
   0.0000000e+00   2.0105988e-01   2.8842568e-01
   0.0000000e+00   2.0068892e-01   2.8787611e-01
   0.0000000e+00   2.0031797e-01   2.8732654e-01
   0.0000000e+00   1.9994701e-01   2.8677697e-01
   0.0000000e+00   1.9957605e-01   2.8622740e-01
   0.0000000e+00   1.9920509e-01   2.8567783e-01
   0.0000000e+00   1.9883413e-01   2.8512827e-01
   0.0000000e+00   1.9846317e-01   2.8457870e-01
   0.0000000e+00   1.9809221e-01   2.8402913e-01
   0.0000000e+00   1.9772125e-01   2.8347956e-01
   0.0000000e+00   1.9735029e-01   2.8292999e-01
   0.0000000e+00   1.9697933e-01   2.8238042e-01
   0.0000000e+00   1.9660837e-01   2.8183085e-01
   0.0000000e+00   1.9623741e-01   2.8128128e-01
   0.0000000e+00   1.9586645e-01   2.8073171e-01
   0.0000000e+00   1.9549550e-01   2.8018214e-01
   0.0000000e+00   1.9512454e-01   2.7963257e-01
   0.0000000e+00   1.9475358e-01   2.7908300e-01
   0.0000000e+00   1.9438262e-01   2.7853344e-01
   0.0000000e+00   1.9401166e-01   2.7798387e-01
   0.0000000e+00   1.9364070e-01   2.7743430e-01
   0.0000000e+00   1.9326974e-01   2.7688473e-01
   0.0000000e+00   1.9289878e-01   2.7633516e-01
   0.0000000e+00   1.9252782e-01   2.7578559e-01
   0.0000000e+00   1.9215686e-01   2.7523602e-01
   0.0000000e+00   1.9178590e-01   2.7468645e-01
   0.0000000e+00   1.9141494e-01   2.7413688e-01
   0.0000000e+00   1.9104399e-01   2.7358731e-01
   0.0000000e+00   1.9067303e-01   2.7303774e-01
   0.0000000e+00   1.9030207e-01   2.7248817e-01
   0.0000000e+00   1.8993111e-01   2.7193861e-01
   0.0000000e+00   1.8956015e-01   2.7138904e-01
   0.0000000e+00   1.8918919e-01   2.7083947e-01
   0.0000000e+00   1.8881823e-01   2.7028990e-01
   0.0000000e+00   1.8844727e-01   2.6974033e-01
   0.0000000e+00   1.8807631e-01   2.6919076e-01
   0.0000000e+00   1.8770535e-01   2.6864119e-01
   0.0000000e+00   1.8733439e-01   2.6809162e-01
   0.0000000e+00   1.8696343e-01   2.6754205e-01
   0.0000000e+00   1.8659247e-01   2.6699248e-01
   0.0000000e+00   1.8622152e-01   2.6644291e-01
   0.0000000e+00   1.8585056e-01   2.6589334e-01
   0.0000000e+00   1.8547960e-01   2.6534378e-01
   0.0000000e+00   1.8510864e-01   2.6479421e-01
   0.0000000e+00   1.8473768e-01   2.6424464e-01
   0.0000000e+00   1.8436672e-01   2.6369507e-01
   0.0000000e+00   1.8399576e-01   2.6314550e-01
   0.0000000e+00   1.8362480e-01   2.6259593e-01
   0.0000000e+00   1.8325384e-01   2.6204636e-01
   0.0000000e+00   1.8288288e-01   2.6149679e-01
   0.0000000e+00   1.8251192e-01   2.6094722e-01
   0.0000000e+00   1.8214096e-01   2.6039765e-01
   0.0000000e+00   1.8177001e-01   2.5984808e-01
   0.0000000e+00   1.8139905e-01   2.5929851e-01
   0.0000000e+00   1.8102809e-01   2.5874895e-01
   0.0000000e+00   1.8065713e-01   2.5819938e-01
   0.0000000e+00   1.8028617e-01   2.5764981e-01
   0.0000000e+00   1.7991521e-01   2.5710024e-01
   0.0000000e+00   1.7954425e-01   2.5655067e-01
   0.0000000e+00   1.7917329e-01   2.5600110e-01
   0.0000000e+00   1.7880233e-01   2.5545153e-01
   0.0000000e+00   1.7843137e-01   2.5490196e-01
