   0.0000000e+00   1.0000000e+00   5.0000000e-01
   0.0000000e+00   9.8412698e-01   5.0793651e-01
   0.0000000e+00   9.6825397e-01   5.1587302e-01
   0.0000000e+00   9.5238095e-01   5.2380952e-01
   0.0000000e+00   9.3650794e-01   5.3174603e-01
   0.0000000e+00   9.2063492e-01   5.3968254e-01
   0.0000000e+00   9.0476190e-01   5.4761905e-01
   0.0000000e+00   8.8888889e-01   5.5555556e-01
   0.0000000e+00   8.7301587e-01   5.6349206e-01
   0.0000000e+00   8.5714286e-01   5.7142857e-01
   0.0000000e+00   8.4126984e-01   5.7936508e-01
   0.0000000e+00   8.2539683e-01   5.8730159e-01
   0.0000000e+00   8.0952381e-01   5.9523810e-01
   0.0000000e+00   7.9365079e-01   6.0317460e-01
   0.0000000e+00   7.7777778e-01   6.1111111e-01
   0.0000000e+00   7.6190476e-01   6.1904762e-01
   0.0000000e+00   7.4603175e-01   6.2698413e-01
   0.0000000e+00   7.3015873e-01   6.3492063e-01
   0.0000000e+00   7.1428571e-01   6.4285714e-01
   0.0000000e+00   6.9841270e-01   6.5079365e-01
   0.0000000e+00   6.8253968e-01   6.5873016e-01
   0.0000000e+00   6.6666667e-01   6.6666667e-01
   0.0000000e+00   6.5079365e-01   6.7460317e-01
   0.0000000e+00   6.3492063e-01   6.8253968e-01
   0.0000000e+00   6.1904762e-01   6.9047619e-01
   0.0000000e+00   6.0317460e-01   6.9841270e-01
   0.0000000e+00   5.8730159e-01   7.0634921e-01
   0.0000000e+00   5.7142857e-01   7.1428571e-01
   0.0000000e+00   5.5555556e-01   7.2222222e-01
   0.0000000e+00   5.3968254e-01   7.3015873e-01
   0.0000000e+00   5.2380952e-01   7.3809524e-01
   0.0000000e+00   5.0793651e-01   7.4603175e-01
   0.0000000e+00   4.9206349e-01   7.5396825e-01
   0.0000000e+00   4.7619048e-01   7.6190476e-01
   0.0000000e+00   4.6031746e-01   7.6984127e-01
   0.0000000e+00   4.4444444e-01   7.7777778e-01
   0.0000000e+00   4.2857143e-01   7.8571429e-01
   0.0000000e+00   4.1269841e-01   7.9365079e-01
   0.0000000e+00   3.9682540e-01   8.0158730e-01
   0.0000000e+00   3.8095238e-01   8.0952381e-01
   0.0000000e+00   3.6507937e-01   8.1746032e-01
   0.0000000e+00   3.4920635e-01   8.2539683e-01
   0.0000000e+00   3.3333333e-01   8.3333333e-01
   0.0000000e+00   3.1746032e-01   8.4126984e-01
   0.0000000e+00   3.0158730e-01   8.4920635e-01
   0.0000000e+00   2.8571429e-01   8.5714286e-01
   0.0000000e+00   2.6984127e-01   8.6507937e-01
   0.0000000e+00   2.5396825e-01   8.7301587e-01
   0.0000000e+00   2.3809524e-01   8.8095238e-01
   0.0000000e+00   2.2222222e-01   8.8888889e-01
   0.0000000e+00   2.0634921e-01   8.9682540e-01
   0.0000000e+00   1.9047619e-01   9.0476190e-01
   0.0000000e+00   1.7460317e-01   9.1269841e-01
   0.0000000e+00   1.5873016e-01   9.2063492e-01
   0.0000000e+00   1.4285714e-01   9.2857143e-01
   0.0000000e+00   1.2698413e-01   9.3650794e-01
   0.0000000e+00   1.1111111e-01   9.4444444e-01
   0.0000000e+00   9.5238095e-02   9.5238095e-01
   0.0000000e+00   7.9365079e-02   9.6031746e-01
   0.0000000e+00   6.3492063e-02   9.6825397e-01
   0.0000000e+00   4.7619048e-02   9.7619048e-01
   0.0000000e+00   3.1746032e-02   9.8412698e-01
   0.0000000e+00   1.5873016e-02   9.9206349e-01
   0.0000000e+00   0.0000000e+00   1.0000000e+00
